149.7327
45.77391
159.0725
59.54387
106.3409
56.50516
45.63486
65.03466
32.64276
87.2828
20.21887
99.79676
136.8958
193.2679
185.6954
116.06
132.8453
40.94434
110.5545
42.4548
97.58715
113.8602
247.0254
92.08812
44.17648
52.38683
94.30446
19.87166
93.07312
164.9068
81.43496
142.4721
61.45229
103.8422
22.08344
67.27284
44.89304
74.06158
92.96094
142.837
39.73562
215.9818
60.36953
14.74281
113.2225
159.153
28.55305
169.41
138.4869
85.54453
151.8405
172.6275
191.3437
105.5354
59.33354
30.92385
107.995
101.8654
158.1304
28.07453
130.5593
38.96972
260.8627
32.29713
110.847
57.5111
87.5814
127.048
110.7414
76.18808
200.3887
38.65826
233.8143
167.1973
53.86343
217.3871
48.5198
67.94806
106.8628
101.178
151.1599
38.03862
167.5879
54.34059
25.19254
309.4534
120.7832
151.5664
95.89483
291.1026
62.96028
158.2849
36.0301
120.2666
64.33571
29.81243
85.72744
15.21954
18.29307
46.09952
210.9461
158.934
94.2912
122.0958
19.55405
311.9968
192.5218
155.4067
66.83816
154.993
82.46352
145.9253
59.95412
10.61015
331.7672
130.0291
101.9095
62.51162
149.0987
130.975
23.92042
178.1388
56.84409
135.1109
107.8295
95.74658
93.30325
100.5366
102.9516
113.9827
265.1673
84.62241
252.6107
82.63113
321.3041
163.8714
47.81317
168.7178
61.35388
9.437354
33.74524
86.43676
359.463
39.11637
83.77138
131.5083
27.52126
9.7157
276.3009
48.89266
276.8906